   5.5229134e-02   6.2988339e-02
   3.1991016e-03   6.1471342e-02
   3.6241146e-02   4.9532579e-03
   4.8956999e-02   1.9251040e-02
   1.2308375e-02   2.0549417e-02
   1.4651491e-02   1.8907217e-02
   4.2652411e-03   6.3519792e-02
   2.8186686e-02   5.3859668e-02
   6.9516304e-02   4.9911601e-02
   5.3580106e-02   4.4518317e-02
   1.2393228e-02   4.9035729e-02
   8.5299816e-02   8.7392741e-02
   2.7029433e-02   2.0846136e-02
   5.6497957e-02   6.4031183e-02
   4.1702895e-02   2.0597552e-02
   9.4793312e-02   8.2071207e-03
   1.0570943e-02   1.4204112e-02
   1.6646044e-02   6.2095864e-02
   5.7370976e-02   5.2077890e-03
   4.9312014e-01   4.7286617e-01
   4.7378417e-01   4.0634045e-01
   4.8604406e-01   4.9344051e-01
   4.9843983e-01   4.8589388e-01
   4.7855590e-01   4.5133774e-01
   4.1776025e-01   4.3985895e-01
   4.1339313e-01   4.0308895e-01
   4.9391417e-01   4.3013061e-01
   4.2955338e-01   4.3329363e-01
   4.4670682e-01   4.6481984e-01
   4.0252282e-01   4.8422066e-01
   2.5590325e-01   2.8540999e-01
   2.3478792e-01   2.4460266e-01
   2.0542395e-01   2.1771075e-01
   2.6628081e-01   2.3308290e-01
   2.8984861e-01   2.1181552e-01
   2.9884179e-01   2.5399821e-01
   2.7069174e-01   2.9994916e-01
   2.2878493e-01   2.4145225e-01
   2.4648399e-01   2.7639571e-01
   4.8182040e-01   4.1002215e-01
   4.1781170e-01   4.3596349e-01
   4.0567047e-01   4.5218857e-01
   4.3358490e-01   4.1756690e-01
   4.2089467e-01   4.9051536e-01
   4.6753912e-01   4.4684682e-01
   4.9121325e-01   4.1040116e-01
   4.7455461e-01   4.7362675e-01
   4.5618614e-01   4.1841941e-01
   4.5972114e-01   4.2999370e-01
   4.1341229e-01   4.2126015e-01
   4.8949417e-01   4.0714528e-01
   4.2424866e-01   4.0537544e-01
   6.4417221e-01   6.0132832e-01
   6.8971914e-01   6.1966582e-01
   6.0933705e-01   6.3073669e-01
   6.4560577e-01   6.1016694e-01
   6.9953897e-01   6.3320928e-01
   6.2973468e-01   6.0620452e-01
   6.2982440e-01   6.0463513e-01
   6.5054281e-01   6.7614259e-01
   6.6310700e-01   6.0898917e-01
   6.0808624e-01   6.7772405e-01
   6.9051347e-01   6.5337720e-01
   6.1091542e-01   6.8258089e-01
   6.3380977e-01   6.2939731e-01
   6.7463134e-01   6.0103366e-01
   6.0484473e-01   6.6679161e-01
   6.6034680e-01   6.5261025e-01
   6.7297094e-01   6.7072535e-01
   8.7813771e-01   8.2879770e-01
   8.6925320e-01   8.5566698e-01
   6.3965208e-01   6.0615907e-01
   8.7801755e-01   8.3375839e-01
   6.6078659e-01   6.7412540e-01
   1.0481324e-02   1.2788838e-02
   8.5495401e-01   8.4852294e-01
   8.8904757e-01   8.7989603e-01
   8.7343411e-01   8.0513319e-01
   8.0728853e-01   8.0885275e-01
   8.7983509e-01   8.9430081e-01
   8.6837156e-01   8.1320830e-01
   8.7227245e-01   8.1103535e-01
   8.1174929e-01   8.6407179e-01
   8.3288142e-01   8.6538120e-01
   8.7491315e-01   8.5831857e-01
   8.7400323e-01   8.2348269e-01
   8.7349575e-01   8.9705985e-01
   8.8669303e-01   8.0862345e-01
   8.3664366e-01   8.3691988e-01
   8.6850285e-01   8.5979416e-01
   8.7893639e-01   8.3676529e-01
   2.2060279e-01   2.0866665e-01
   2.7719339e-01   2.2056745e-01
   2.3882716e-01   2.5517785e-01
   2.2289533e-01   2.6419406e-01
   2.4844804e-01   2.1518455e-01
   2.7819320e-01   2.1006063e-01
   2.2940663e-01   2.2373730e-01
   2.5308723e-01   2.0914987e-01
   2.4053154e-01   2.1048462e-01
