   2.5479016e-02   2.2404003e-02
   6.6783273e-02   8.4439216e-02
   3.4446241e-02   7.8051965e-02
   6.7533207e-02   6.7153143e-04
   6.0217049e-02   3.8677119e-02
   9.1599124e-02   1.1510571e-04
   4.6244916e-02   4.2434904e-02
   4.6091637e-02   7.7015973e-02
   3.2247181e-02   7.8473929e-02
   4.7135715e-02   3.5762733e-03
   1.7587442e-02   7.2175803e-02
   1.4734860e-01   1.1527212e-01
   1.3411246e-01   1.6073892e-01
   1.1917453e-01   1.7384268e-01
   1.2428496e-01   1.9174243e-01
   1.2690616e-01   1.7655000e-01
   1.1886620e-01   1.2874982e-01
   1.0911135e-01   1.5762094e-01
   1.6833632e-01   1.5465931e-01
   4.4257288e-01   4.6444428e-01
   4.6476176e-01   4.6790168e-01
   4.6357867e-01   4.9451741e-01
   4.2089349e-01   4.7092817e-01
   4.2362306e-01   4.1193962e-01
   4.6073039e-01   4.4501377e-01
   4.4587255e-01   4.6619448e-01
   4.7702855e-01   4.3502180e-01
   4.6620096e-01   4.4161586e-01
   4.8419292e-01   4.8329168e-01
   4.2564410e-01   4.6134607e-01
   3.5822492e-01   3.5407393e-01
   3.8699410e-01   3.2647790e-01
   3.3180741e-01   3.1192145e-01
   3.9398295e-01   3.6455519e-01
   3.4794632e-01   3.6393170e-01
   3.5447161e-01   3.6473115e-01
   3.5438859e-01   3.7210466e-01
   3.5224953e-01   3.9937046e-01
   3.2186766e-01   3.1057983e-01
   5.1096975e-01   5.0635914e-01
   5.4045800e-01   5.4483729e-01
   5.3658162e-01   5.7635046e-01
   5.6278964e-01   5.7719804e-01
   5.9328536e-01   5.9727409e-01
   5.1920283e-01   5.1388742e-01
   5.6962663e-01   5.0938200e-01
   5.5254044e-01   5.5303442e-01
   5.8611398e-01   5.4848533e-01
   5.3934564e-01   5.6714311e-01
   5.7412579e-01   5.5200525e-01
   5.3477127e-01   5.1499973e-01
   5.5860921e-01   5.2621453e-01
   6.0444541e-01   6.7549333e-01
   6.2427854e-01   6.4424023e-01
   6.6877961e-01   6.3592282e-01
   6.7363401e-01   6.3947075e-01
   6.6834159e-01   6.7040474e-01
   6.4423054e-01   6.0195776e-01
   6.3308579e-01   6.4243095e-01
   6.2702704e-01   6.1970538e-01
   7.8217212e-01   7.4299214e-01
   7.8877710e-01   7.3911830e-01
   7.7691144e-01   7.3967915e-01
   7.8085141e-01   7.7550771e-01
   7.3773955e-01   7.2160189e-01
   7.7904072e-01   7.9493039e-01
   7.3275654e-01   7.6712644e-01
   7.4386450e-01   7.8335006e-01
   7.7688543e-01   7.1672535e-01
   8.8619805e-01   8.9898722e-01
   8.5144235e-01   8.8842810e-01
   7.5880261e-01   7.1547523e-01
   8.1998628e-01   8.4069548e-01
   7.7487057e-01   7.8255838e-01
   7.8996303e-02   3.1852425e-02
   8.5340641e-01   8.0899507e-01
   8.1117057e-01   8.1362925e-01
   8.6786523e-01   8.4951770e-01
   8.1897104e-01   8.4950058e-01
   8.1476082e-01   8.0549741e-01
   8.8507127e-01   8.5605595e-01
   9.9296089e-01   9.6966672e-01
   9.5827910e-01   9.8153972e-01
   9.8790139e-01   9.9889116e-01
   9.0005224e-01   9.8654386e-01
   9.6125665e-01   9.9899502e-01
   9.5276801e-01   9.4795234e-01
   9.8013476e-01   9.2278429e-01
   9.4980943e-01   9.9008525e-01
   9.5746612e-01   9.8451782e-01
   9.7386403e-01   9.5859870e-01
   2.2467345e-01   2.6664162e-01
   2.0834828e-01   2.6259598e-01
   2.6609446e-01   2.7297519e-01
   2.8907521e-01   2.9823032e-01
   2.7690291e-01   2.5814465e-01
   2.9283131e-01   2.5800904e-01
   2.0169829e-01   2.1208596e-01
   2.8627107e-01   2.4842965e-01
   2.8448557e-01   2.2094051e-01
