   8.5409995e-01   4.7924977e-01   7.6468489e-02
   3.4787919e-01   8.3363472e-01   1.1053898e-01
   4.4602665e-01   4.6621209e-01   1.6475173e-01
   5.4239484e-02   4.7049571e-01   3.8857960e-02
   1.7710753e-01   7.8443075e-01   2.7679747e-01
   6.6280806e-01   5.9728853e-01   1.6693145e-01
   3.3082900e-01   7.9228721e-01   3.9330573e-01
   8.9848614e-01   8.4947888e-01   1.6685175e-01
   1.1815520e-01   7.4991144e-01   2.5206206e-01
   9.8841793e-01   8.4401940e-01   7.0204224e-02
   5.3998210e-01   5.4089615e-01   1.5872463e-01
   7.0691742e-01   8.4097453e-01   7.2842249e-02
   9.9949162e-01   9.8235912e-01   3.0566385e-01
   2.8784934e-01   9.2015818e-01   3.4973334e-01
   4.1452254e-01   4.5174072e-01   1.4680293e-01
   4.6483994e-01   6.1986197e-01   2.7735893e-01
   7.6395708e-01   6.2151928e-01   1.2471797e-01
   8.1820404e-01   8.1101708e-01   2.1694543e-01
   1.0022154e-01   7.5876498e-01   3.3464512e-01
   1.7811695e-01   8.7361837e-01   2.4302117e-01
   3.5963491e-01   6.2059175e-01   1.4077142e-01
   5.6704689e-02   5.2361672e-01   1.2669776e-01
   5.2188567e-01   4.5199993e-01   1.8651109e-01
   3.3584897e-01   8.6316035e-01   1.7483180e-01
   1.7566903e-01   5.2340471e-01   1.5024646e-01
   2.0894667e-01   6.3296298e-01   2.2774449e-01
   9.0515356e-01   7.3106712e-01   2.9959269e-01
   6.7539118e-01   5.3737195e-01   1.7549057e-01
   4.6846820e-01   7.8516437e-01   1.7744876e-01
   9.1213247e-01   6.9068822e-01   5.8700376e-02
   1.0401157e-01   4.9110732e-01   1.9529266e-02
   7.4554607e-01   8.6915918e-01   1.2317225e-01
   7.3626746e-01   4.6036379e-01   1.3383303e-01
   5.6186143e-01   5.7643980e-01   2.6493915e-01
   1.8419410e-01   5.4242381e-01   3.8320501e-01
   5.9721135e-01   7.1852335e-01   3.7493504e-01
   2.9993699e-01   4.5489924e-01   1.8857567e-01
   1.3412293e-01   6.4318925e-01   1.0378657e-01
   2.1260153e-01   4.6290775e-01   3.0792020e-01
   8.9494168e-01   4.6737038e-01   3.0613768e-01
   7.1452813e-02   8.7065673e-01   2.9885275e-01
   2.4248656e-01   5.7494219e-01   3.0003845e-01
   5.3754392e-02   7.6212006e-01   5.1308963e-02
   4.4172206e-01   9.7865360e-01   2.7580857e-01
   1.3283200e-02   6.5949100e-01   1.9067163e-01
   8.9719135e-01   8.1685132e-01   9.2743650e-02
   1.9665819e-01   8.5485957e-01   4.8422308e-02
   9.3370517e-02   6.5958540e-01   3.3119404e-01
   3.0736690e-01   7.9329882e-01   7.8253798e-02
   4.5605767e-01   4.6585303e-01   7.3792265e-02
   1.0166939e-01   9.6025591e-01   2.6973501e-01
   9.9538973e-01   5.1247648e-01   3.5881186e-01
   3.3209283e-01   5.5970730e-01   2.1145770e-01
   2.9734682e-01   8.7869816e-01   2.8405390e-01
   6.2045221e-02   6.9256227e-01   6.9900247e-02
   2.9824397e-01   8.6137496e-01   3.8184826e-01
   4.6351265e-02   6.3760405e-01   2.2094479e-01
   5.0542814e-01   5.6376328e-01   2.7509622e-01
   7.6142589e-01   4.2234078e-01   2.4259577e-02
   6.3107000e-01   8.0397695e-01   3.2558950e-01
   8.9891651e-02   6.5773868e-01   3.0196136e-01
   8.0862423e-02   6.7104354e-01   5.6872937e-02
   7.7724054e-01   7.6591430e-01   2.1476761e-01
   9.0513474e-01   4.3564198e-01   1.3707512e-01
   5.3377195e-01   5.8948686e-01   2.2311528e-01
   1.0915421e-01   8.6363328e-01   1.6556349e-01
   8.2580886e-01   8.1785979e-01   1.7188642e-01
   3.3809772e-01   4.7519931e-01   8.0487726e-02
   2.9397305e-01   4.7809087e-01   1.0960083e-01
   7.4631343e-01   4.5541140e-01   1.8008952e-02
   1.0336618e-02   4.0469218e-01   3.7023349e-01
   4.8447339e-02   6.5386563e-01   2.6494296e-01
   6.6791612e-01   7.9334390e-01   3.7371929e-01
   6.0346798e-01   8.3375351e-01   7.3769824e-02
   5.2610247e-01   7.1872558e-01   3.6922793e-01
   7.2970945e-01   4.6529076e-01   3.1991658e-01
   7.0725349e-01   7.7905982e-01   2.3518374e-01
   7.8137705e-01   4.7589992e-01   1.8161388e-01
   2.8797698e-01   4.8058198e-01   1.1046936e-01
   6.9253199e-01   4.5915646e-01   3.0325909e-01
   5.5666983e-01   4.8521635e-01   9.9181098e-02
   3.9652079e-01   5.0095078e-01   3.5032964e-02
   6.1590667e-02   5.1774935e-01   3.0925851e-01
   7.8017553e-01   5.9048787e-01   2.7176885e-01
   3.3758386e-01   5.8985740e-01   2.8893288e-01
   6.0786591e-01   5.3053799e-01   2.6040372e-01
   7.4125405e-01   5.5062511e-01   1.7342883e-01
   1.0481324e-01   9.3575344e-01   1.6239721e-01
   1.2788838e-01   8.2193393e-01   3.2829464e-01
   5.4954011e-01   7.3344277e-01   1.3379687e-01
   4.8522941e-01   5.1066020e-01   3.2767051e-01
   8.9047568e-01   5.2721851e-01   3.1773867e-01
   7.9896028e-01   4.4640808e-01   3.4238292e-01
   7.3434108e-01   9.4828025e-01   2.0719828e-01
   5.1331886e-02   8.2402913e-01   2.5790794e-01
   7.2885299e-02   7.3467338e-01   3.8084882e-01
   8.8527460e-02   5.8805739e-01   1.8314602e-01
   7.9835086e-01   4.9972214e-01   3.3407340e-02
   9.4300814e-01   7.7349836e-01   3.4803246e-01
   6.8371557e-01   9.9276084e-01   2.5616361e-01
