   1.0000000e+00
   1.0000000e+00
   1.0000000e+00
   1.0000000e+00
   1.0000000e+00
   1.0000000e+00
   1.0000000e+00
   1.0000000e+00
   1.0000000e+00
   1.0000000e+00
   1.0000000e+00
   6.0000000e+00
   6.0000000e+00
   6.0000000e+00
   6.0000000e+00
   6.0000000e+00
   6.0000000e+00
   6.0000000e+00
   6.0000000e+00
   2.1000000e+01
   2.1000000e+01
   2.1000000e+01
   2.1000000e+01
   2.1000000e+01
   2.1000000e+01
   2.1000000e+01
   2.1000000e+01
   2.1000000e+01
   2.1000000e+01
   2.1000000e+01
   1.6000000e+01
   1.6000000e+01
   1.6000000e+01
   1.6000000e+01
   1.6000000e+01
   1.6000000e+01
   1.6000000e+01
   1.6000000e+01
   1.6000000e+01
   2.6000000e+01
   2.6000000e+01
   2.6000000e+01
   2.6000000e+01
   2.6000000e+01
   2.6000000e+01
   2.6000000e+01
   2.6000000e+01
   2.6000000e+01
   2.6000000e+01
   2.6000000e+01
   2.6000000e+01
   2.6000000e+01
   3.1000000e+01
   3.1000000e+01
   3.1000000e+01
   3.1000000e+01
   3.1000000e+01
   3.1000000e+01
   3.1000000e+01
   3.1000000e+01
   3.6000000e+01
   3.6000000e+01
   3.6000000e+01
   3.6000000e+01
   3.6000000e+01
   3.6000000e+01
   3.6000000e+01
   3.6000000e+01
   3.6000000e+01
   4.1000000e+01
   4.1000000e+01
   3.6000000e+01
   4.1000000e+01
   3.6000000e+01
   1.0000000e+00
   4.1000000e+01
   4.1000000e+01
   4.1000000e+01
   4.1000000e+01
   4.1000000e+01
   4.1000000e+01
   4.6000000e+01
   4.6000000e+01
   4.6000000e+01
   4.6000000e+01
   4.6000000e+01
   4.6000000e+01
   4.6000000e+01
   4.6000000e+01
   4.6000000e+01
   4.6000000e+01
   1.1000000e+01
   1.1000000e+01
   1.1000000e+01
   1.1000000e+01
   1.1000000e+01
   1.1000000e+01
   1.1000000e+01
   1.1000000e+01
   1.1000000e+01
